1. Concurrent executions

Test #1:

1
1
2
3
3
4
5
6
8
8
9
11
11
14
15
17
17
18
19
20
21
21
21
22
22
23
23
25
26
27
28
30
30
31
31
33
34
36
38
39
39
40
41
43
43
45
47
48
49
51
51
52
53
54
54
57
57
58
60
61
62
64
64
65
66
67
68
69
70
71
72
75
75
77
78
79
80
81
82
84
85
86
86
88
89
91
91
91
92
93
95
96
97
97
98
98
99
99
Producer done.
100
100
Consumer done.
Done.
------------------------------------------------------------------------------------------
Test #2:

1
2
3
4
5
6
7
9
10
11
12
13
14
15
15
17
18
18
20
21
22
22
24
25
28
28
30
31
32
33
34
35
38
39
39
40
41
41
42
43
45
46
46
48
49
50
51
52
53
53
54
55
56
57
58
59
60
61
63
64
64
65
67
67
69
71
72
73
74
74
75
75
77
78
78
81
82
83
84
84
86
88
88
90
90
91
93
95
95
96
98
99
100
Producer done.
100
100
100
100
100
100
100
Consumer done.
Done.

------------------------------------------------------------------------------------------

Test #3:

1
1
2
4
4
7
7
8
9
10
10
11
12
13
15
17
18
19
21
21
22
24
25
26
27
27
29
30
31
33
33
34
34
36
37
38
38
39
40
41
42
43
44
45
47
48
49
50
52
53
54
55
56
57
58
59
60
61
62
64
65
65
66
66
68
68
70
71
71
71
72
73
73
74
76
76
77
79
80
81
82
83
85
86
87
88
88
90
91
91
92
93
94
94
95
96
98
100
Producer done.
100
100
Consumer done.
Done.

Analysis: Not all values are being displayed properly. Some numbers in the buffer are duplicating, and therefore overwrite other numbers. The consumer also fails to complete
at the same time as the producer.
=====================================================================================
* Tests without the sleeps:

Test #1:

Producer done.
100
100
100
100
100
100
100
100
100
100
100
100
100
100
100
100
100
100
100
100
100
100
100
100
100
100
100
100
100
100
100
100
100
100
100
100
100
100
100
100
100
100
100
100
100
100
100
100
100
100
100
100
100
100
100
100
100
100
100
100
100
100
100
100
100
100
100
100
100
100
100
100
100
100
100
100
100
100
100
100
100
100
100
100
100
100
100
100
100
100
100
100
100
100
100
100
100
100
100
100
Consumer done.
Done.
------------------------------------------------------------------------------------------
Test #2:

Producer done.
100
100
100
100
100
100
100
100
100
100
100
100
100
100
100
100
100
100
100
100
100
100
100
100
100
100
100
100
100
100
100
100
100
100
100
100
100
100
100
100
100
100
100
100
100
100
100
100
100
100
100
100
100
100
100
100
100
100
100
100
100
100
100
100
100
100
100
100
100
100
100
100
100
100
100
100
100
100
100
100
100
100
100
100
100
100
100
100
100
100
100
100
100
100
100
100
100
100
100
100
Consumer done.
Done.
------------------------------------------------------------------------------------------
The tests finished much faster than before, but the consumer only returns the final number in the buffer.